[
  [
    -20.87985,
    29.990000000000002
  ],
  [
    -20.875676523207986,
    29.983395664475776
  ],
  [
    -20.867329569623962,
    29.970186993427326
  ],
  [
    -20.85480913924792,
    29.950373986854657
  ],
  [
    -20.83811523207987,
    29.923956644757762
  ],
  [
    -20.817247848119802,
    29.890934967136644
  ],
  [
    -20.79220698736772,
    29.851308953991293
  ],
  [
    -20.76299264982363,
    29.805078605321725
  ],
  [
    -20.72960483548752,
    29.752243921127942
  ],
  [
    -20.692043544359404,
    29.692804901409925
  ],
  [
    -20.65030877643927,
    29.626761546167685
  ],
  [
    -20.604400531727123,
    29.55411385540122
  ],
  [
    -20.554318810222966,
    29.474861829110534
  ],
  [
    -20.50006361192679,
    29.389005467295625
  ],
  [
    -20.441634936838607,
    29.29654476995649
  ],
  [
    -20.379032784958405,
    29.197479737093126
  ],
  [
    -20.312257156286194,
    29.091810368705545
  ],
  [
    -20.24548152761398,
    28.986141000317957
  ],
  [
    -20.178705898941768,
    28.880471631930376
  ],
  [
    -20.111930270269553,
    28.774802263542792
  ],
  [
    -20.045154641597343,
    28.669132895155208
  ],
  [
    -19.978379012925128,
    28.563463526767627
  ],
  [
    -19.911603384252913,
    28.457794158380047
  ],
  [
    -19.844827755580702,
    28.352124789992466
  ],
  [
    -19.778052126908488,
    28.24645542160488
  ],
  [
    -19.711276498236277,
    28.140786053217298
  ],
  [
    -19.644500869564062,
    28.035116684829717
  ],
  [
    -19.577725240891848,
    27.929447316442133
  ],
  [
    -19.510949612219637,
    27.82377794805455
  ],
  [
    -19.444173983547422,
    27.718108579666968
  ],
  [
    -19.377398354875208,
    27.612439211279383
  ],
  [
    -19.310622726202997,
    27.5067698428918
  ],
  [
    -19.243847097530786,
    27.40110047450422
  ],
  [
    -19.177071468858575,
    27.295431106116638
  ],
  [
    -19.11029584018636,
    27.18976173772905
  ],
  [
    -19.043520211514146,
    27.08409236934147
  ],
  [
    -18.976744582841935,
    26.978423000953885
  ],
  [
    -18.90996895416972,
    26.8727536325663
  ],
  [
    -18.843193325497506,
    26.76708426417872
  ],
  [
    -18.776417696825295,
    26.661414895791136
  ],
  [
    -18.709642068153084,
    26.555745527403552
  ],
  [
    -18.642866439480873,
    26.45007615901597
  ],
  [
    -18.576090810808658,
    26.344406790628387
  ],
  [
    -18.509315182136444,
    26.238737422240803
  ],
  [
    -18.442539553464233,
    26.133068053853222
  ],
  [
    -18.375763924792018,
    26.027398685465638
  ],
  [
    -18.308988296119804,
    25.921729317078054
  ],
  [
    -18.242212667447593,
    25.816059948690473
  ],
  [
    -18.17543703877538,
    25.71039058030289
  ],
  [
    -18.10866141010317,
    25.604721211915304
  ],
  [
    -18.041885781430956,
    25.499051843527724
  ],
  [
    -17.97511015275874,
    25.39338247514014
  ],
  [
    -17.90833452408653,
    25.287713106752555
  ],
  [
    -17.841558895414316,
    25.182043738364975
  ],
  [
    -17.7747832667421,
    25.07637436997739
  ],
  [
    -17.70800763806989,
    24.970705001589806
  ],
  [
    -17.64123200939768,
    24.865035633202226
  ],
  [
    -17.574456380725465,
    24.75936626481464
  ],
  [
    -17.507680752053254,
    24.653696896427057
  ],
  [
    -17.44090512338104,
    24.548027528039476
  ],
  [
    -17.374129494708825,
    24.442358159651892
  ],
  [
    -17.307353866036614,
    24.336688791264308
  ],
  [
    -17.2405782373644,
    24.231019422876727
  ],
  [
    -17.173802608692185,
    24.125350054489143
  ],
  [
    -17.107026980019974,
    24.01968068610156
  ],
  [
    -17.04025135134776,
    23.914011317713978
  ],
  [
    -16.973475722675545,
    23.808341949326394
  ],
  [
    -16.906700094003334,
    23.70267258093881
  ],
  [
    -16.83992446533112,
    23.59700321255123
  ],
  [
    -16.77314883665891,
    23.491333844163645
  ],
  [
    -16.706373207986694,
    23.38566447577606
  ],
  [
    -16.63959757931448,
    23.27999510738848
  ],
  [
    -16.57282195064227,
    23.174325739000896
  ],
  [
    -16.506046321970054,
    23.06865637061331
  ],
  [
    -16.43927069329784,
    22.96298700222573
  ],
  [
    -16.372495064625628,
    22.857317633838147
  ],
  [
    -16.305719435953417,
    22.751648265450562
  ],
  [
    -16.238943807281206,
    22.64597889706298
  ],
  [
    -16.17216817860899,
    22.540309528675397
  ],
  [
    -16.105392549936777,
    22.434640160287813
  ],
  [
    -16.038616921264566,
    22.328970791900232
  ],
  [
    -15.971841292592352,
    22.22330142351265
  ],
  [
    -15.905065663920137,
    22.11763205512506
  ],
  [
    -15.838290035247926,
    22.011962686737476
  ],
  [
    -15.771514406575715,
    21.906293318349896
  ],
  [
    -15.704738777903504,
    21.80062394996231
  ],
  [
    -15.63796314923129,
    21.694954581574734
  ],
  [
    -15.571187520559075,
    21.58928521318715
  ],
  [
    -15.504411891886864,
    21.483615844799562
  ],
  [
    -15.43763626321465,
    21.377946476411978
  ],
  [
    -15.370860634542435,
    21.272277108024397
  ],
  [
    -15.304085005870224,
    21.166607739636817
  ],
  [
    -15.237309377198013,
    21.060938371249236
  ],
  [
    -15.1705337485258,
    20.95526900286165
  ],
  [
    -15.103758119853588,
    20.849599634474064
  ],
  [
    -15.036982491181373,
    20.74393026608648
  ],
  [
    -14.97020686250916,
    20.6382608976989
  ],
  [
    -14.903431233836947,
    20.53259152931132
  ],
  [
    -14.836655605164733,
    20.42692216092373
  ],
  [
    -14.76987997649252,
    20.32125279253615
  ],
  [
    -14.703104347820307,
    20.215583424148566
  ],
  [
    -14.636328719148095,
    20.10991405576098
  ],
  [
    -14.56955309047588,
    20.0042446873734
  ],
  [
    -14.502777461803667,
    19.89857531898582
  ],
  [
    -14.436001833131458,
    19.792905950598232
  ],
  [
    -14.369226204459245,
    19.68723658221065
  ],
  [
    -14.30245057578703,
    19.581567213823067
  ],
  [
    -14.235674947114818,
    19.475897845435483
  ],
  [
    -14.168899318442605,
    19.370228477047903
  ],
  [
    -14.102123689770393,
    19.264559108660322
  ],
  [
    -14.035348061098178,
    19.158889740272734
  ],
  [
    -13.968572432425965,
    19.053220371885153
  ],
  [
    -13.901796803753754,
    18.94755100349757
  ],
  [
    -13.835021175081542,
    18.841881635109985
  ],
  [
    -13.768245546409327,
    18.736212266722404
  ],
  [
    -13.701469917737114,
    18.630542898334824
  ],
  [
    -13.634694289064903,
    18.524873529947236
  ],
  [
    -13.56791866039269,
    18.419204161559655
  ],
  [
    -13.501143031720476,
    18.31353479317207
  ],
  [
    -13.434367403048263,
    18.207865424784487
  ],
  [
    -13.367591774376052,
    18.102196056396906
  ],
  [
    -13.30081614570384,
    17.996526688009325
  ],
  [
    -13.234040517031625,
    17.890857319621738
  ],
  [
    -13.167264888359412,
    17.785187951234157
  ],
  [
    -13.1004892596872,
    17.679518582846573
  ],
  [
    -13.033713631014987,
    17.57384921445899
  ],
  [
    -12.966938002342774,
    17.468179846071408
  ],
  [
    -12.900162373670561,
    17.362510477683827
  ],
  [
    -12.833386744998347,
    17.25684110929624
  ],
  [
    -12.766611116326136,
    17.15117174090866
  ],
  [
    -12.699835487653921,
    17.045502372521074
  ],
  [
    -12.633059858981708,
    16.93983300413349
  ],
  [
    -12.566284230309495,
    16.83416363574591
  ],
  [
    -12.499508601637284,
    16.72849426735833
  ],
  [
    -12.432732972965072,
    16.62282489897074
  ],
  [
    -12.365957344292859,
    16.51715553058316
  ],
  [
    -12.299181715620644,
    16.411486162195576
  ],
  [
    -12.232406086948433,
    16.305816793807992
  ],
  [
    -12.165630458276219,
    16.20014742542041
  ],
  [
    -12.098854829604006,
    16.09447805703283
  ],
  [
    -12.032079200931793,
    15.988808688645246
  ],
  [
    -11.96530357225958,
    15.883139320257662
  ],
  [
    -11.898527943587368,
    15.777469951870078
  ],
  [
    -11.831752314915155,
    15.671800583482495
  ],
  [
    -11.76497668624294,
    15.566131215094913
  ],
  [
    -11.698201057570728,
    15.46046184670733
  ],
  [
    -11.631425428898515,
    15.354792478319748
  ],
  [
    -11.5646498002263,
    15.249123109932164
  ],
  [
    -11.497874171554088,
    15.14345374154458
  ],
  [
    -11.431098542881875,
    15.037784373156997
  ],
  [
    -11.36432291420966,
    14.932115004769415
  ],
  [
    -11.297547285537448,
    14.826445636381832
  ],
  [
    -11.230771656865237,
    14.72077626799425
  ],
  [
    -11.163996028193024,
    14.615106899606666
  ],
  [
    -11.09722039952081,
    14.509437531219081
  ],
  [
    -11.030444770848597,
    14.403768162831499
  ],
  [
    -10.963669142176386,
    14.298098794443916
  ],
  [
    -10.896893513504173,
    14.192429426056334
  ],
  [
    -10.830117884831958,
    14.086760057668752
  ],
  [
    -10.763342256159746,
    13.981090689281167
  ],
  [
    -10.696566627487535,
    13.875421320893583
  ],
  [
    -10.629790998815322,
    13.769751952506
  ],
  [
    -10.563015370143107,
    13.664082584118418
  ],
  [
    -10.496239741470895,
    13.558413215730836
  ],
  [
    -10.429464112798684,
    13.452743847343253
  ],
  [
    -10.36268848412647,
    13.347074478955669
  ],
  [
    -10.295912855454256,
    13.241405110568085
  ],
  [
    -10.229137226782044,
    13.135735742180502
  ],
  [
    -10.162361598109833,
    13.03006637379292
  ],
  [
    -10.09558596943762,
    12.924397005405337
  ],
  [
    -10.028810340765405,
    12.818727637017755
  ],
  [
    -9.962034712093192,
    12.71305826863017
  ],
  [
    -9.895259083420981,
    12.607388900242587
  ],
  [
    -9.828483454748769,
    12.501719531855004
  ],
  [
    -9.761707826076554,
    12.396050163467422
  ],
  [
    -9.694932197404341,
    12.290380795079837
  ],
  [
    -9.62815656873213,
    12.184711426692255
  ],
  [
    -9.561380940059918,
    12.07904205830467
  ],
  [
    -9.494605311387703,
    11.973372689917088
  ],
  [
    -9.42782968271549,
    11.867703321529506
  ],
  [
    -9.36105405404328,
    11.762033953141922
  ],
  [
    -9.294278425371067,
    11.65636458475434
  ],
  [
    -9.227502796698852,
    11.550695216366757
  ],
  [
    -9.16072716802664,
    11.445025847979172
  ],
  [
    -9.093951539354428,
    11.33935647959159
  ],
  [
    -9.027175910682216,
    11.233687111204006
  ],
  [
    -8.960400282010001,
    11.128017742816423
  ],
  [
    -8.893624653337788,
    11.02234837442884
  ],
  [
    -8.826849024665577,
    10.916679006041257
  ],
  [
    -8.760073395993363,
    10.811009637653672
  ],
  [
    -8.69329776732115,
    10.70534026926609
  ],
  [
    -8.626522138648937,
    10.599670900878507
  ],
  [
    -8.559746509976723,
    10.494001532490923
  ],
  [
    -8.492971889735381,
    10.388331527061194
  ],
  [
    -8.426198277924911,
    10.282660884589319
  ],
  [
    -8.35942567454531,
    10.176989605075294
  ],
  [
    -8.292654079596582,
    10.071317688519123
  ],
  [
    -8.225883493078726,
    9.965645134920806
  ],
  [
    -8.159113914991739,
    9.859971944280339
  ],
  [
    -8.092345345335625,
    9.754298116597727
  ],
  [
    -8.025577784110382,
    9.64862365187297
  ],
  [
    -7.95881123131601,
    9.542948550106065
  ],
  [
    -7.892045686952509,
    9.43727281129701
  ],
  [
    -7.82528115101988,
    9.33159643544581
  ],
  [
    -7.75851762351812,
    9.225919422552465
  ],
  [
    -7.691755104447233,
    9.120241772616971
  ],
  [
    -7.624993593807217,
    9.014563485639329
  ],
  [
    -7.558233091598071,
    8.90888456161954
  ],
  [
    -7.491473597819796,
    8.803205000557607
  ],
  [
    -7.424715112472393,
    8.697524802453525
  ],
  [
    -7.357957635555861,
    8.591843967307296
  ],
  [
    -7.2912011670702,
    8.486162495118922
  ],
  [
    -7.224445707015412,
    8.380480385888397
  ],
  [
    -7.1576912553914935,
    8.274797639615729
  ],
  [
    -7.0909378121984465,
    8.169114256300913
  ],
  [
    -7.024185377436271,
    8.063430235943951
  ],
  [
    -6.957433951104965,
    7.95774557854484
  ],
  [
    -6.890683533204532,
    7.852060284103582
  ],
  [
    -6.82393412373497,
    7.746374352620177
  ],
  [
    -6.7571857226962795,
    7.6406877840946255
  ],
  [
    -6.690438330088459,
    7.535000578526928
  ],
  [
    -6.62369194591151,
    7.429312735917082
  ],
  [
    -6.556946570165433,
    7.32362425626509
  ],
  [
    -6.490202202850226,
    7.217935139570951
  ],
  [
    -6.423458843965891,
    7.112245385834665
  ],
  [
    -6.356715485081557,
    7.0065556320983795
  ],
  [
    -6.289972126197221,
    6.900865878362094
  ],
  [
    -6.223228767312886,
    6.795176124625808
  ],
  [
    -6.156485408428551,
    6.689486370889521
  ],
  [
    -6.089742049544216,
    6.583796617153235
  ],
  [
    -6.02299869065988,
    6.47810686341695
  ],
  [
    -5.9562553317755444,
    6.372417109680663
  ],
  [
    -5.88951197289121,
    6.266727355944374
  ],
  [
    -5.822768614006875,
    6.161037602208087
  ],
  [
    -5.756025255122538,
    6.055347848471802
  ],
  [
    -5.689281896238203,
    5.949658094735516
  ],
  [
    -5.6225385373538685,
    5.843968340999229
  ],
  [
    -5.555795178469533,
    5.738278587262943
  ],
  [
    -5.489051819585197,
    5.632588833526658
  ],
  [
    -5.422308460700862,
    5.526899079790372
  ],
  [
    -5.355565101816527,
    5.421209326054085
  ],
  [
    -5.288824505342633,
    5.315517828844891
  ],
  [
    -5.222086671279179,
    5.209824588162791
  ],
  [
    -5.155351599626167,
    5.104129604007783
  ],
  [
    -5.088619290383595,
    4.9984328763798676
  ],
  [
    -5.021889743551465,
    4.892734405279045
  ],
  [
    -4.955162959129775,
    4.787034190705315
  ],
  [
    -4.888438937118527,
    4.681332232658677
  ],
  [
    -4.821717677517721,
    4.57562853113913
  ],
  [
    -4.754999180327355,
    4.469923086146677
  ],
  [
    -4.6882834455474285,
    4.3642158976813175
  ],
  [
    -4.621570473177944,
    4.2585069657430505
  ],
  [
    -4.554860263218901,
    4.152796290331876
  ],
  [
    -4.488152815670299,
    4.047083871447794
  ],
  [
    -4.421448130532137,
    3.9413697090908038
  ],
  [
    -4.354746207804417,
    3.835653803260907
  ],
  [
    -4.2880470474871375,
    3.7299361539581026
  ],
  [
    -4.22134853321689,
    3.6242180969079625
  ],
  [
    -4.154650664993676,
    3.5184996321104864
  ],
  [
    -4.0879534428174935,
    3.412780759565675
  ],
  [
    -4.0212568666883435,
    3.307061479273527
  ],
  [
    -3.9545609366062253,
    3.201341791234044
  ],
  [
    -3.8878656525711395,
    3.0956216954472247
  ],
  [
    -3.821171014583086,
    2.9899011919130696
  ],
  [
    -3.7544770226420647,
    2.884180280631579
  ],
  [
    -3.687783676748076,
    2.7784589616027526
  ],
  [
    -3.6210909769011193,
    2.6727372348265903
  ],
  [
    -3.554398923101195,
    2.567015100303092
  ],
  [
    -3.487707515348303,
    2.4612925580322584
  ],
  [
    -3.4210167536424434,
    2.3555696080140884
  ],
  [
    -3.354326637983616,
    2.249846250248583
  ],
  [
    -3.287637168371821,
    2.1441224847357416
  ],
  [
    -3.2209483448070584,
    2.038398311475565
  ],
  [
    -3.1542595212422952,
    1.9326741382153876
  ],
  [
    -3.0875706976775326,
    1.8269499649552106
  ],
  [
    -3.02088187411277,
    1.7212257916950335
  ],
  [
    -2.9541930505480067,
    1.6155016184348563
  ],
  [
    -2.887504226983244,
    1.5097774451746793
  ],
  [
    -2.8208154034184814,
    1.4040532719145025
  ],
  [
    -2.7541265798537182,
    1.2983290986543254
  ],
  [
    -2.6874377562889555,
    1.1926049253941482
  ],
  [
    -2.620748932724193,
    1.0868807521339712
  ],
  [
    -2.5540601091594297,
    0.9811565788737944
  ],
  [
    -2.487371285594667,
    0.8754324056136173
  ],
  [
    -2.4206824620299043,
    0.7697082323534401
  ],
  [
    -2.353993638465141,
    0.6639840590932631
  ],
  [
    -2.287304814900379,
    0.5582598858330862
  ],
  [
    -2.220615991335616,
    0.45253571257290914
  ],
  [
    -2.153927167770853,
    0.346811539312732
  ],
  [
    -2.0872375659480586,
    0.24108785704403898
  ],
  [
    -2.020547185867233,
    0.13536466576682998
  ],
  [
    -1.9538560275283754,
    0.029641965481104968
  ],
  [
    -1.8871640909314864,
    -0.07608024381313605
  ],
  [
    -1.8204713760765658,
    -0.18180196211589303
  ],
  [
    -1.7537778829636135,
    -0.287523189427166
  ],
  [
    -1.6870836115926298,
    -0.39324392574695494
  ],
  [
    -1.6203885619636145,
    -0.4989641710752599
  ],
  [
    -1.5536927340765676,
    -0.6046839254120809
  ],
  [
    -1.4869961279314894,
    -0.7104031887574178
  ],
  [
    -1.4202987435283794,
    -0.8161219611112708
  ],
  [
    -1.3536005808672378,
    -0.9218402424736396
  ],
  [
    -1.2869016399480646,
    -1.0275580328445244
  ],
  [
    -1.2202019207708599,
    -1.1332753322239255
  ],
  [
    -1.1535014233356238,
    -1.2389921406118423
  ],
  [
    -1.0868001476423559,
    -1.3447084580082753
  ],
  [
    -1.0200985024537308,
    -1.450424542275545
  ],
  [
    -0.9533964877697482,
    -1.5561403934136515
  ],
  [
    -0.8866941035904081,
    -1.661856011422595
  ],
  [
    -0.8199913499157108,
    -1.7675713963023754
  ],
  [
    -0.7532882267456559,
    -1.8732865480529926
  ],
  [
    -0.6865847340802437,
    -1.9790014666744467
  ],
  [
    -0.6198808719194742,
    -2.0847161521667377
  ],
  [
    -0.5531766402633471,
    -2.1904306045298654
  ],
  [
    -0.4864720391118628,
    -2.2961448237638304
  ],
  [
    -0.4197670684650211,
    -2.4018588098686315
  ],
  [
    -0.3530617283228219,
    -2.5075725628442695
  ],
  [
    -0.28635601868526533,
    -2.6132860826907454
  ],
  [
    -0.21964993955235132,
    -2.718999369408057
  ],
  [
    -0.1529434909240799,
    -2.824712422996206
  ],
  [
    -0.08623667280045111,
    -2.9304252434551916
  ],
  [
    -0.019529485181464926,
    -3.036137830785015
  ],
  [
    0.04717770243752126,
    -3.141850418114838
  ],
  [
    0.11388489005650744,
    -3.2475630054446603
  ],
  [
    0.18059207767549362,
    -3.353275592774483
  ],
  [
    0.24729926529447982,
    -3.458988180104306
  ],
  [
    0.31400645291346596,
    -3.5647007674341284
  ],
  [
    0.3807136405324522,
    -3.6704133547639506
  ],
  [
    0.44742082815143835,
    -3.7761259420937736
  ],
  [
    0.5141280157704244,
    -3.8818385294235966
  ],
  [
    0.5808352033894106,
    -3.9875511167534192
  ],
  [
    0.6475423910083968,
    -4.093263704083242
  ],
  [
    0.714249578627383,
    -4.198976291413064
  ],
  [
    0.7809567662463691,
    -4.304688878742887
  ],
  [
    0.8476639538653552,
    -4.4104014660727096
  ],
  [
    0.9143711414843414,
    -4.516114053402532
  ],
  [
    0.9810783291033275,
    -4.621826640732355
  ],
  [
    1.0477855167223136,
    -4.727539228062177
  ],
  [
    1.1144879842885576,
    -4.833254786276774
  ],
  [
    1.1811857318020593,
    -4.938973315376144
  ],
  [
    1.2478787592628189,
    -5.044694815360286
  ],
  [
    1.3145670666708362,
    -5.150419286229202
  ],
  [
    1.3812506540261111,
    -5.256146727982892
  ],
  [
    1.4479295213286445,
    -5.361877140621356
  ],
  [
    1.514603668578435,
    -5.467610524144593
  ],
  [
    1.581273095775483,
    -5.573346878552604
  ],
  [
    1.6479378029197893,
    -5.679086203845388
  ],
  [
    1.7145977900113534,
    -5.784828500022947
  ],
  [
    1.7812530570501752,
    -5.890573767085278
  ],
  [
    1.8479036040362549,
    -5.996322005032383
  ],
  [
    1.9145494309695923,
    -6.10207321386426
  ],
  [
    1.9811905378501875,
    -6.207827393580913
  ],
  [
    2.0478269246780405,
    -6.313584544182338
  ],
  [
    2.114458591453151,
    -6.419344665668536
  ],
  [
    2.181079774749416,
    -6.52511138564195
  ],
  [
    2.247690474566837,
    -6.63088470410258
  ],
  [
    2.3142906909054117,
    -6.736664621050425
  ],
  [
    2.380880423765142,
    -6.842451136485484
  ],
  [
    2.4474596731460267,
    -6.948244250407759
  ],
  [
    2.514028439048066,
    -7.05404396281725
  ],
  [
    2.580586721471261,
    -7.159850273713955
  ],
  [
    2.6471345204156096,
    -7.265663183097873
  ],
  [
    2.713671835881114,
    -7.3714826909690085
  ],
  [
    2.780198667867773,
    -7.47730879732736
  ],
  [
    2.8467150163755868,
    -7.583141502172927
  ],
  [
    2.913220881404555,
    -7.688980805505707
  ],
  [
    2.9797162629546783,
    -7.794826707325704
  ],
  [
    3.046201161025957,
    -7.9006792076329155
  ],
  [
    3.1126755756183897,
    -8.006538306427341
  ],
  [
    3.1791395067319774,
    -8.112404003708985
  ],
  [
    3.245603088429295,
    -8.218269920073226
  ],
  [
    3.3120663207103416,
    -8.324136055520064
  ],
  [
    3.378529203575117,
    -8.430002410049504
  ],
  [
    3.4449917370236225,
    -8.53586898366154
  ],
  [
    3.5114539210558573,
    -8.641735776356178
  ],
  [
    3.577915755671821,
    -8.747602788133413
  ],
  [
    3.6443772408715147,
    -8.85347001899325
  ],
  [
    3.7108383766549378,
    -8.959337468935683
  ],
  [
    3.7772991630220902,
    -9.065205137960717
  ],
  [
    3.8437595999729717,
    -9.171073026068349
  ],
  [
    3.9102196875075825,
    -9.27694113325858
  ],
  [
    3.976679425625923,
    -9.382809459531408
  ],
  [
    4.0431388143279925,
    -9.488678004886838
  ],
  [
    4.109597853613792,
    -9.594546769324864
  ],
  [
    4.176056543483321,
    -9.700415752845492
  ],
  [
    4.242514883936578,
    -9.806284955448717
  ],
  [
    4.308965806738307,
    -9.912158808889675
  ],
  [
    4.375409311888507,
    -10.018037313168362
  ],
  [
    4.441845399387178,
    -10.123920468284782
  ],
  [
    4.50827406923432,
    -10.229808274238932
  ],
  [
    4.574695321429932,
    -10.335700731030814
  ],
  [
    4.641109155974016,
    -10.441597838660428
  ],
  [
    4.707515572866569,
    -10.547499597127771
  ],
  [
    4.773914572107595,
    -10.653406006432848
  ],
  [
    4.840306153697091,
    -10.759317066575655
  ],
  [
    4.906690317635057,
    -10.86523277755619
  ],
  [
    4.973067063921496,
    -10.97115313937446
  ],
  [
    5.039436392556404,
    -11.077078152030463
  ],
  [
    5.105798303539784,
    -11.183007815524194
  ],
  [
    5.172152796871634,
    -11.288942129855656
  ],
  [
    5.238499872551956,
    -11.39488109502485
  ],
  [
    5.3048395305807485,
    -11.500824711031777
  ],
  [
    5.37117918860954,
    -11.606768327038703
  ],
  [
    5.437518846638333,
    -11.712711943045628
  ],
  [
    5.503858504667125,
    -11.818655559052553
  ],
  [
    5.570198162695917,
    -11.924599175059479
  ],
  [
    5.636537820724709,
    -12.030542791066404
  ],
  [
    5.702877478753503,
    -12.13648640707333
  ],
  [
    5.769217136782295,
    -12.242430023080255
  ],
  [
    5.835556794811087,
    -12.34837363908718
  ],
  [
    5.901896452839879,
    -12.454317255094105
  ],
  [
    5.968236110868673,
    -12.56026087110103
  ],
  [
    6.034575768897465,
    -12.666204487107956
  ],
  [
    6.100915426926256,
    -12.772148103114882
  ],
  [
    6.167255084955048,
    -12.878091719121807
  ],
  [
    6.233594742983842,
    -12.984035335128732
  ],
  [
    6.299934401012633,
    -13.089978951135658
  ],
  [
    6.366274059041426,
    -13.195922567142583
  ],
  [
    6.432613717070218,
    -13.30186618314951
  ],
  [
    6.49895337509901,
    -13.407809799156434
  ],
  [
    6.565293033127803,
    -13.51375341516336
  ],
  [
    6.631632691156595,
    -13.619697031170286
  ],
  [
    6.697972349185388,
    -13.72564064717721
  ],
  [
    6.764312007214182,
    -13.831584263184135
  ],
  [
    6.830651665242973,
    -13.937527879191062
  ],
  [
    6.896991323271765,
    -14.043471495197986
  ],
  [
    6.963330981300556,
    -14.149415111204913
  ],
  [
    7.02967063932935,
    -14.255358727211838
  ],
  [
    7.096010297358143,
    -14.361302343218762
  ],
  [
    7.162349955386935,
    -14.46724595922569
  ],
  [
    7.228689613415728,
    -14.573189575232615
  ],
  [
    7.2950292714445215,
    -14.679133191239538
  ],
  [
    7.361368929473313,
    -14.785076807246465
  ],
  [
    7.427708587502105,
    -14.89102042325339
  ],
  [
    7.494048245530896,
    -14.996964039260316
  ],
  [
    7.56038790355969,
    -15.102907655267241
  ],
  [
    7.626727561588483,
    -15.208851271274167
  ],
  [
    7.693067219617275,
    -15.314794887281092
  ],
  [
    7.759406877646068,
    -15.420738503288018
  ],
  [
    7.8257465356748614,
    -15.526682119294943
  ],
  [
    7.892086193703653,
    -15.632625735301868
  ],
  [
    7.958425851732445,
    -15.738569351308797
  ],
  [
    8.024765509761236,
    -15.844512967315723
  ],
  [
    8.09110516779003,
    -15.950456583322648
  ],
  [
    8.157444825818821,
    -16.056400199329573
  ],
  [
    8.223784483847615,
    -16.1623438153365
  ],
  [
    8.290124141876406,
    -16.268287431343424
  ],
  [
    8.356463799905198,
    -16.37423104735035
  ],
  [
    8.422803457933991,
    -16.480174663357275
  ],
  [
    8.489143115962783,
    -16.5861182793642
  ],
  [
    8.555482773991576,
    -16.692061895371126
  ],
  [
    8.621822432020368,
    -16.79800551137805
  ],
  [
    8.68816209004916,
    -16.903949127384976
  ],
  [
    8.754501748077951,
    -17.0098927433919
  ],
  [
    8.820841406106743,
    -17.115836359398827
  ],
  [
    8.887181064135536,
    -17.221779975405752
  ],
  [
    8.95352072216433,
    -17.327723591412678
  ],
  [
    9.019860380193121,
    -17.433667207419603
  ],
  [
    9.086200038221914,
    -17.53961082342653
  ],
  [
    9.152539696250708,
    -17.645554439433454
  ],
  [
    9.2188793542795,
    -17.75149805544038
  ],
  [
    9.285219012308291,
    -17.857441671447305
  ],
  [
    9.351558670337083,
    -17.96338528745423
  ],
  [
    9.417898328365876,
    -18.069328903461155
  ],
  [
    9.484237986394668,
    -18.17527251946808
  ],
  [
    9.550577644423461,
    -18.281216135475006
  ],
  [
    9.616917302452253,
    -18.38715975148193
  ],
  [
    9.683256960481044,
    -18.493103367488857
  ],
  [
    9.749596618509837,
    -18.599046983495782
  ],
  [
    9.815936276538629,
    -18.704990599502707
  ],
  [
    9.882275934567422,
    -18.810934215509633
  ],
  [
    9.948615592596214,
    -18.916877831516558
  ],
  [
    10.014955250625006,
    -19.022821447523484
  ],
  [
    10.081294908653797,
    -19.12876506353041
  ],
  [
    10.147634566682589,
    -19.234708679537334
  ],
  [
    10.213974224711382,
    -19.34065229554426
  ],
  [
    10.280313882740176,
    -19.446595911551185
  ],
  [
    10.346653540768967,
    -19.55253952755811
  ],
  [
    10.41299319879776,
    -19.658483143565036
  ],
  [
    10.479332856826554,
    -19.76442675957196
  ],
  [
    10.545672514855346,
    -19.870370375578887
  ],
  [
    10.612012172884137,
    -19.976313991585815
  ],
  [
    10.678351830912929,
    -20.082257607592744
  ],
  [
    10.744691488941722,
    -20.18820122359967
  ],
  [
    10.811031146970516,
    -20.294144839606595
  ],
  [
    10.877370804999307,
    -20.40008845561352
  ],
  [
    10.9437104630281,
    -20.506032071620446
  ],
  [
    11.010050121056894,
    -20.61197568762737
  ],
  [
    11.076389779085686,
    -20.717919303634297
  ],
  [
    11.142729437114477,
    -20.823862919641222
  ],
  [
    11.209069095143269,
    -20.929806535648147
  ],
  [
    11.275408753172062,
    -21.035750151655073
  ],
  [
    11.341748411200856,
    -21.141693767661998
  ],
  [
    11.408088069229647,
    -21.247637383668923
  ],
  [
    11.47442772725844,
    -21.35358099967585
  ],
  [
    11.540767385287234,
    -21.459524615682774
  ],
  [
    11.607107043316025,
    -21.5654682316897
  ],
  [
    11.673446701344817,
    -21.671411847696625
  ],
  [
    11.739786359373609,
    -21.77735546370355
  ],
  [
    11.806126017402402,
    -21.883299079710476
  ],
  [
    11.872465675431195,
    -21.9892426957174
  ],
  [
    11.938805333459987,
    -22.095186311724326
  ],
  [
    12.00514499148878,
    -22.20112992773125
  ],
  [
    12.071484649517574,
    -22.307073543738177
  ],
  [
    12.137824307546365,
    -22.413017159745102
  ],
  [
    12.204163965575157,
    -22.518960775752028
  ],
  [
    12.270503623603949,
    -22.624904391758953
  ],
  [
    12.336843281632742,
    -22.73084800776588
  ],
  [
    12.403182939661534,
    -22.836791623772804
  ],
  [
    12.469522597690325,
    -22.94273523977973
  ],
  [
    12.535862255719119,
    -23.048678855786655
  ],
  [
    12.602201913747912,
    -23.15462247179358
  ],
  [
    12.668541571776704,
    -23.260566087800505
  ],
  [
    12.734881229805497,
    -23.36650970380743
  ],
  [
    12.801220887834289,
    -23.47245331981436
  ],
  [
    12.867560545863082,
    -23.57839693582128
  ],
  [
    12.933900203891875,
    -23.684340551828207
  ],
  [
    13.000239861920667,
    -23.790284167835136
  ],
  [
    13.06657951994946,
    -23.896227783842058
  ],
  [
    13.132919177978254,
    -24.002171399848983
  ],
  [
    13.199258836007045,
    -24.108115015855912
  ],
  [
    13.265598494035837,
    -24.214058631862834
  ],
  [
    13.331938152064629,
    -24.32000224786976
  ],
  [
    13.398277810093422,
    -24.425945863876688
  ],
  [
    13.464617468122213,
    -24.53188947988361
  ],
  [
    13.530957126151005,
    -24.637833095890535
  ],
  [
    13.597296784179797,
    -24.743776711897464
  ],
  [
    13.663636442208592,
    -24.849720327904386
  ],
  [
    13.729976100237383,
    -24.95566394391131
  ],
  [
    13.796315758266175,
    -25.06160755991824
  ],
  [
    13.862655416294967,
    -25.167551175925166
  ],
  [
    13.92899507432376,
    -25.273494791932087
  ],
  [
    13.995334732352553,
    -25.379438407939016
  ],
  [
    14.061674390381347,
    -25.48538202394594
  ],
  [
    14.12801404841014,
    -25.591325639952863
  ],
  [
    14.194353706438928,
    -25.697269255959792
  ],
  [
    14.26069336446772,
    -25.803212871966718
  ],
  [
    14.327033022496515,
    -25.90915648797364
  ],
  [
    14.393372680525307,
    -26.01510010398057
  ],
  [
    14.459712338554095,
    -26.121043719987494
  ],
  [
    14.526051996582888,
    -26.226987335994416
  ],
  [
    14.592391654611681,
    -26.332930952001345
  ],
  [
    14.658731312640475,
    -26.43887456800827
  ],
  [
    14.725070970669268,
    -26.54481818401519
  ],
  [
    14.79141062869806,
    -26.65076180002212
  ],
  [
    14.857750286726851,
    -26.756705416029046
  ],
  [
    14.922454467215005,
    -26.860037194566473
  ],
  [
    14.985523170162523,
    -26.9607571356344
  ],
  [
    15.0469563955694,
    -27.058865239232826
  ],
  [
    15.106754143435637,
    -27.154361505361756
  ],
  [
    15.164916413761237,
    -27.247245934021183
  ],
  [
    15.221443206546198,
    -27.337518525211113
  ],
  [
    15.276334521790519,
    -27.425179278931545
  ],
  [
    15.329590359494203,
    -27.51022819518248
  ],
  [
    15.381210719657247,
    -27.592665273963917
  ],
  [
    15.431195602279653,
    -27.672490515275847
  ],
  [
    15.479545007361422,
    -27.74970391911828
  ],
  [
    15.526258934902552,
    -27.824305485491216
  ],
  [
    15.571337384903043,
    -27.896295214394648
  ],
  [
    15.614780357362894,
    -27.965673105828586
  ],
  [
    15.656587852282108,
    -28.032439159793025
  ],
  [
    15.696759869660685,
    -28.096593376287963
  ],
  [
    15.734421135953099,
    -28.15673795425197
  ],
  [
    15.769571651159351,
    -28.212872893685038
  ],
  [
    15.802211415279444,
    -28.264998194587175
  ],
  [
    15.832340428313378,
    -28.31311385695838
  ],
  [
    15.859958690261148,
    -28.357219880798652
  ],
  [
    15.885066201122758,
    -28.39731626610799
  ],
  [
    15.907662960898206,
    -28.43340301288639
  ],
  [
    15.927748969587494,
    -28.465480121133858
  ],
  [
    15.945324227190621,
    -28.493547590850397
  ],
  [
    15.960388733707585,
    -28.517605422035995
  ],
  [
    15.97294248913839,
    -28.53765361469066
  ],
  [
    15.982985493483037,
    -28.5536921688144
  ],
  [
    15.990517746741519,
    -28.5657210844072
  ],
  [
    15.99553924891384,
    -28.573740361469063
  ],
  [
    15.998050000000001,
    -28.57775
  ]
]